[h.jpg]
filters=fill=1,0.233645;
backuphash=7127
text=1;127;2;j3;Colonna MT;0.844849,0.850484,0.083333,0.000000;v1,4294967295,4278190080,128.000000,1.000000,0.158879,0.953125,700,2,49153;;
textactive=1
